5210.000000
1285.000000
1965.000000
1251.000000
730.400000
467.200000
347.950000
228.700000
179.650000
130.600000
109.649157
88.698313
67.747470
137.302362
111.600000
152.498384
135.963788
119.429192
102.894596
86.360000
80.756000
75.152000
69.548000
63.944000
58.340000
52.736000
47.132000
41.528000
35.924000
30.320000
28.724000
27.128000
25.532000
23.936000
22.340000
20.744000
19.148000
17.552000
15.956000
14.360000
13.728100
13.096200
12.464300
11.832400
11.200500
10.568600
9.936700
9.304800
8.672900
8.041000
7.739000
7.437000
7.135000
6.833000
6.531000
6.229000
5.927000
5.625000
5.323000
5.021000
4.890900
4.760800
4.630700
4.500600
4.370500
4.240400
4.110300
3.980200
3.850100
3.720000
3.589900
3.459800
3.329700
3.199600
3.069500
2.939400
2.809300
2.679200
2.549100
2.419000