1185.000000
2263.000000
788.000000
360.500000
193.400000
115.298000
74.185600
50.339500
35.664900
26.214000
19.868000
15.428700
12.198700
9.793100
7.973760
6.578840
5.495840
4.645050
3.969060
3.425920
2.984570
2.621760
2.319900
2.065580
1.848620
1.662170
1.501240
1.361800
1.240510
1.134650
1.041930
0.960464
0.888653
0.825161
0.768857
0.718779
0.674109
0.634146
0.598290
0.566025
0.536904
0.510542
0.486605
0.464801
0.444878
0.426626
0.409876
0.394479
0.380302
0.367227
0.355149
0.343973
0.333615
0.324000
0.315060
0.306733
0.298966
0.291708
0.284914
0.278544
0.272562
0.266934
0.261630
0.256623
0.251888
0.247401
0.243144
0.239096
0.235240
0.231563
0.228052
0.224698
0.221491
0.218425
0.215490
0.212680
0.209987
0.207406
0.204930
0.202553