1185.000000
2263.000000
788.000000
360.500000
193.400000
115.298000
74.185600
50.339500
35.664900
26.214000
19.868000
15.428700
12.198700
9.793100
7.973760
6.578840
5.495840
4.645050
3.969060
3.425920
2.984570
2.621760
2.319900
2.065580
1.848620
1.662170
1.501240
1.361800
1.240510
1.134650
1.041930
0.960464
0.888653
0.825161
0.768857
0.718779
0.674109
0.634146
0.598290
0.566025
0.536904
0.510542
0.486605
0.464801
0.444878
0.426626
0.409876
0.394479
0.380302
0.367227
0.355149
0.343973
0.333615
0.324000
0.315060
0.306733
0.298966
0.291708
0.284914
0.278544
0.272562
0.266934
0.261630
0.256623
0.251888
0.247401
0.243144
0.239096
0.235240
0.231563
0.228052
0.224698
0.221491
0.218425
0.215490
0.212680
0.209987
0.207406
0.204930
0.202553
0.200271
0.198079
0.195972
0.193945
0.191995
0.190118
0.188310
0.186567
0.184888
0.183268
0.181705
0.180196
0.178738
0.177330
0.175969
0.174653
0.173380
0.172148
0.170955
0.169799
0.168679
0.167594
0.166541
0.165520
0.164529
0.163566
0.162632
0.161724
0.160842
0.159984
0.159149
0.158337
0.157547
0.156778
0.156028
0.155298
0.154587
0.153893
0.153217
0.152557
0.151913
0.151284
0.150670
0.150070
0.149483
0.148910
0.148348
0.147799
0.147261
0.146733
0.146216
0.145710
0.145212
0.144724
0.144245
0.143774
0.143311
0.142856
0.142408
0.141968
0.141534
0.141107
0.140686
0.140272
0.139863
0.139460
0.139062
0.138670
0.138282
0.137900
0.137522
0.137148
0.136779
0.136413
0.136052
0.135695
0.135341
0.134991
0.134644
0.134301
0.133960
0.133623
0.133289
0.132957
0.132628
0.132302
0.131979
0.131658
0.131339
0.131022
0.130708
0.130396
0.130086
0.129778
0.129472
0.129167
0.128865
0.128564
0.128265
0.127968
0.127672
0.127377
0.127084
0.126793
0.126503
0.126214
0.125926
0.125640
0.125355
0.125071
0.124789
0.124507
0.124227
0.123947
0.123669
0.123391
0.123115
0.122839
0.122564