4078.000000
617.300000
192.900000
82.780000
42.580100
24.639200
15.528900
10.374500
7.274120
5.321560
4.036330
3.150450
2.510860
2.037150
1.680970
1.409540
1.200110
1.036620
0.907528
0.804437
0.721143
0.653019
0.596578
0.549172
0.508800
0.474140
0.444244
0.418341
0.395804
0.376114
0.358841
0.343631
0.330184
0.318250
0.307620
0.298113
0.289579
0.281889
0.274931
0.268611
0.262849
0.257572
0.252721
0.248243
0.244092
0.240233
0.236638
0.233282
0.230145
0.227206
0.224450
0.221859
0.219421
0.217122
0.214952
0.212899
0.210955
0.209112
0.207360
0.205694
0.204107
0.202594
0.201148
0.199765
0.198441
0.197172
0.195953
0.194782
0.193655
0.192569
0.191522
0.190511
0.189534
0.188589
0.187673
0.186786
0.185925
0.185088
0.184276
0.183485
0.182715
0.181965
0.181233
0.180519
0.179821
0.179140
0.178473
0.177820
0.177181
0.176554
0.175940
0.175337
0.174745
0.174164
0.173593
0.173031
0.172478
0.171934
0.171398
0.170870
0.170350
0.169837
0.169331
0.168832
0.168339
0.167852
0.167372
0.166897
0.166427
0.165963
0.165504
0.165049
0.164600
0.164155
0.163714
0.163278
0.162845
0.162417
0.161993
0.161572
0.161155
0.160742
0.160332
0.159925
0.159522
0.159122
0.158726
0.158333
0.157943
0.157556
0.157173
0.156793
0.156416
0.156043
0.155672
0.155305
0.154941
0.154579
0.154221
0.153866
0.153514
0.153164
0.152818
0.152474
0.152134
0.151796
0.151461
0.151128
0.150799
0.150472
0.150148
0.149826
0.149507
0.149191
0.148877
0.148565
0.148256
0.147950
0.147646
0.147345
0.147046
0.146749
0.146455
0.146163
0.145873
0.145585
0.145300
0.145017
0.144736
0.144458
0.144181
0.143907
0.143635
0.143365
0.143096
0.142830
0.142566
0.142304
0.142044
0.141786
0.141530
0.141276
0.141023
0.140773
0.140524
0.140277
0.140032
0.139789
0.139547
0.139308
0.139070
0.138833
0.138599
0.138366
0.138135
0.137905
0.137677
0.137451
0.137226