0.0000000000
0.0000000000
0.0000000000
0.0000000000
0.0000000000
0.0000000000
0.0000000000
0.0000000000
0.0000000000
0.0000000000
0.0000000000
0.0000001505
0.0000031929
0.0000316244
0.0001835841
0.0007171840
0.0020749703
0.0047650727
0.0091449619
0.0152554573
0.0227977661
0.0312339294
0.0399388614
0.0483290028
0.0559223396
0.0623291990
0.0672602063
0.0705532454
0.0721587310
0.0721084334
0.0704911305
0.0674239260
0.0630278430
0.0574118498
0.0506565888
0.0428064194
0.0338630043
0.0237830530
0.0124768198
0.0032514529
