0.0000000000
0.0000000000
0.0000000000
0.0000000000
0.0000000000
0.0000000000
0.0000000000
0.0000000000
0.0000000000
0.0000000000
0.0000000003
0.0000000179
0.0000004025
0.0000042708
0.0000264196
0.0001094920
0.0003348235
0.0008102387
0.0016347337
0.0028623358
0.0044860704
0.0064456784
0.0086502191
0.0110018327
0.0134089936
0.0157855437
0.0180540839
0.0201550435
0.0220477655
0.0237073463
0.0251231263
0.0262951055
0.0272307834
0.0279435079
0.0284492683
0.0287655159
0.0289097965
0.0288999389
0.0287532999
0.0284863879
0.0281146731
0.0276524941
0.0271130572
0.0265081069
0.0258484912
0.0251436434
0.0244015817
0.0236295225
0.0228341161
0.0220211168
0.0211956657
0.0203625265
0.0195257084
0.0186887488
0.0178547607
0.0170263853
0.0173250400
0.0182342107
0.0195582057
0.0171902398
0.0133574412
0.0124569019
0.0115249501
0.0107910481
0.0100703054
0.0097654247
0.0100147439
0.0090953477
0.0077551983
0.0068202326
0.0058136265
0.0051932105
0.0045588286
0.0039372900
0.0033090208
0.0026722146
0.0020248857
0.0013648880
0.0006899132
0.0001741914
