0.0000000000
0.0000000000
0.0000000000
0.0000000000
0.0000000000
0.0000000000
0.0000000000
0.0000000000
0.0000000000
0.0000000000
0.0000000006
0.0000000404
0.0000008729
0.0000089171
0.0000532012
0.0002131652
0.0006320146
0.0014874833
0.0029281808
0.0050177489
0.0077177701
0.0109083653
0.0144283187
0.0181126077
0.0218110991
0.0253846748
0.0287093424
0.0316911702
0.0342675371
0.0364018388
0.0380816862
0.0393130488
0.0401150732
0.0405169301
0.0405531963
0.0402613770
0.0396795405
0.0388460929
0.0377975256
0.0365683030
0.0351899609
0.0336906561
0.0320957302
0.0304265824
0.0287014584
0.0269352252
0.0251393709
0.0233226127
0.0214911904
0.0196488995
0.0177972266
0.0159356200
0.0140613990
0.0121699572
0.0102549085
0.0083081664
0.0063200446
0.0042793143
0.0021733510
0.0005512028
