0.0000000000
0.0000000000
0.0000000000
0.0000000000
0.0000000000
0.0000000000
0.0000000000
0.0000000000
0.0000000000
0.0000000000
0.0000000011
0.0000000692
0.0000014649
0.0000146974
0.0000863583
0.0003415212
0.0010010969
0.0023322503
0.0045481090
0.0077235004
0.0117727574
0.0164855553
0.0215916665
0.0268202065
0.0319293165
0.0367016762
0.0409519020
0.0445482402
0.0474129825
0.0495130756
0.0508544734
0.0514717615
0.0514187885
0.0507618801
0.0495719587
0.0479208224
0.0458763291
0.0435011707
0.0408503122
0.0379698093
0.0348964367
0.0316570749
0.0282690605
0.0247401206
0.0210690730
0.0172459142
0.0132524102
0.0090630157
0.0046455026
0.0011876383
