9234.000000
2114.000000
788.000000
383.600000
529.600000
644.800000
475.950000
307.100000
239.100000
171.100000
148.510000
125.920000
103.330000
80.740000
58.150000
51.892000
45.634000
39.376000
33.118000
26.860000
25.078500
23.297000
21.515500
19.734000
17.952500
16.171000
14.389500
12.608000
10.826500
9.045000
8.375473
7.705945
7.036418
24.623358
23.825750
30.242003
28.424002
26.606001
24.788001
22.970000
21.960000
20.950000
19.940000
18.930000
17.920000
16.910000
15.900000
14.890000
13.880000
12.870000
12.375100
11.880200
11.385300
10.890400
10.395500
9.900600
9.405700
8.910800
8.415900
7.921000
7.708800
7.496600
7.284400
7.072200
6.860000
6.647800
6.435600
6.223400
6.011200
5.799000
5.586800
5.374600
5.162400
4.950200
4.738000
4.525800
4.313600
4.101400
3.889200
3.677000